넘파이 :  
[219.17520833333333, 225.6125, 138.13744791666667, 34.947916666666664, nan, 234.34505208333334, 146.41005208333334, 41.90505208333333, nan, 
210.19802083333335, 129.01260416666668, 36.89015625, nan,
121.88125, 71.00229166666666, 7.2703125, nan, 
114.38270833333333, 43.474375, 37.6075, 5.713333333333333]


리스트 :  
[93.61953125, 203.7875, 194.84921875, 228.11875, 0, 
193.38828125, 206.56328125, 179.78828125, 0, 
193.2953125, 190.2140625, 226.98984375, 0, 
207.71875, 201.184375, 160.7296875, 0, 
107.83046875]

넘파이 :  
[219, 225, 138, 34, nan, 
234, 146, 41, nan, 
210, 129, 36, nan,
121, 71, 7, nan, 


114, 43, 37, 5]


1-1 귀퉁이 > 
 [[209 208 210 ... 216 215 216]
 [208 209 211 ... 216 216 216]
 [208 208 211 ... 216 216 217]
 ...
 [219 220 220 ... 227 226 226]
 [219 221 221 ... 226 226 225]
 [220 221 221 ... 226 227 227]]
1-1 > 
 [[209 208 210 ... 220 219 220]
 [208 209 211 ... 220 220 220]
 [208 208 211 ... 221 221 221]
 ...
 [223 223 224 ... 236 236 236]
 [223 223 224 ... 237 236 236]
 [222 223 224 ... 237 236 237]]
1-2 > 
 [[223 224 225 ... 237 237 237]
 [223 225 225 ... 237 237 237]
 [224 224 225 ... 237 237 237]
 ...
 [ 37  35  36 ...  39  39  38]
 [ 37  36  36 ...  39  40  38]
 [ 37  36  36 ...  39  39  39]]
1-3 > 
 [[39 38 37 ... 39 39 38]
 [37 38 37 ... 39 37 39]
 [38 38 38 ... 38 38 37]
 ...
 [29 28 28 ... 33 34 34]
 [29 29 28 ... 33 35 34]
 [25 27 28 ... 34 34 34]]
1-4 > 
 []
2-1 > 
 [[219 219 219 ... 225 225 226]
 [220 219 220 ... 226 225 226]
 [220 219 220 ... 226 226 226]
 ...
 [236 236 237 ... 246 246 245]
 [236 237 237 ... 246 246 245]
 [237 237 237 ... 246 245 245]]
2-2 > 
 [[237 237 237 ... 245 244 244]
 [237 236 237 ... 245 245 245]
 [236 237 237 ... 244 245 245]
 ...
 [ 38  39  38 ...  43  43  42]
 [ 38  39  39 ...  43  43  43]
 [ 38  38  39 ...  43  44  43]]
2-3 > 
 [[37 38 37 ... 42 43 44]
 [38 38 37 ... 43 43 44]
 [39 39 38 ... 44 43 43]
 ...
 [34 34 35 ... 45 46 47]
 [36 35 35 ... 45 46 47]
 [34 34 35 ... 45 45 48]]
2-4 > 
 []
3-1 > 
 [[226 226 226 ... 116 115 113]
 [227 227 226 ... 116 115 114]
 [227 227 227 ... 115 115 114]
 ...
 [245 246 245 ... 136 136 137]
 [246 245 246 ... 136 136 136]
 [246 245 246 ... 136 136 136]]
3-2 > 
 [[245 245 245 ... 136 136 135]
 [245 245 244 ... 136 135 135]
 [244 244 244 ... 137 135 135]
 ...
 [ 43  43  43 ...   7   6   7]
 [ 44  43  43 ...   6   6   6]
 [ 43  43  43 ...   6   6   6]]
3-3 > 
 [[44 45 45 ...  6  7  8]
 [44 45 45 ...  7  7  8]
 [44 45 45 ...  7  6  6]
 ...
 [47 47 46 ... 10 10 10]
 [48 48 46 ... 10 10 10]
 [48 48 46 ... 10  9 10]]
3-4 > 
 []
4-1 > 
 [[116 114 113 ... 104 103 104]
 [115 113 114 ... 104 105 105]
 [115 115 115 ... 105 105 105]
 ...
 [138 137 136 ... 125 124 124]
 [136 136 134 ... 123 124 124]
 [136 136 135 ... 123 125 124]]
4-2 > 
 [[135 135 135 ... 124 123 125]
 [134 135 135 ... 124 124 124]
 [134 134 136 ... 124 124 125]
 ...
 [  6   6   6 ...   6   6   6]
 [  6   6   6 ...   6   5   6]
 [  7   6   7 ...   6   6   6]]
4-3 > 
 [[ 6  6  6 ...  7  6  6]
 [ 7  7  6 ...  7  6  7]
 [ 6  7  6 ...  6  6  6]
 ...
 [ 9  9  9 ... 10  9 10]
 [10 10 10 ...  8 10 11]
 [ 9 10 10 ...  9 10 10]]
4-4 > 
 []
4-1 귀퉁이 > 
 [[111 110 109 ... 104 103 104]
 [110 109 110 ... 104 105 105]
 [111 110 110 ... 105 105 105]
 ...
 [123 124 124 ... 116 115 116]
 [125 124 124 ... 117 116 116]
 [122 124 124 ... 117 118 117]]
정중앙 > 
 [[44 43 43 ... 44 44 45]
 [43 43 42 ... 44 44 45]
 [44 43 41 ... 44 44 43]
 ...
 [42 43 42 ... 44 45 44]
 [42 43 43 ... 43 45 44]
 [44 43 43 ... 45 44 44]]
1 가운데  > 
 [[35 35 37 ... 41 40 40]
 [36 35 36 ... 40 40 40]
 [38 36 36 ... 40 40 40]
 ...
 [39 39 38 ... 38 39 39]
 [36 37 36 ... 38 38 39]
 [36 37 37 ... 38 38 38]]
4 가운데 > 
 [[7 6 6 ... 6 5 5]
 [6 7 7 ... 6 6 6]
 [6 6 6 ... 6 7 6]
 ...
 [7 6 6 ... 6 6 6]
 [7 6 7 ... 6 6 6]
 [6 6 6 ... 7 6 7]]
